123
80
105
60
112
48
92
63
118
118
96
113
73
127
36
53
64
15
14
121
40
105
128
50
86
90
90
120
86
63
51
40
96
56
84
56
82
54
88
112
16
48
115
114
60
108
100
50
126
77
28
14
28
70
35
70
7
49
112
49
55
96
47
120
120
53
106
78
52
69
50
102
24
12
84
114
96
90
48
36
52
54
62
36
51
120
90
60
25
70
115
50
30
115
20
45
45
20
120
59
61
56
74
23
32
114
54
49
62
61
52
26
125
112
47
38
42
62
123
98
36
88
16
12
8
72
56
56
108
60
100
104
48
72
126
78
19
41
39
102
28
52
34
102
102
114
114
124
100
92
111
57
41
94
53
112
6
90
66
114
12
54
97
110
63
40
40
114
37
108
48
48
76
28
69
90
49
54
32
58
58
50
21
68
101
54
118
102
117
43
63
40
52
112
115
31
128
45
14
128
39
32
16
27
38
98
62
62
128
55
48
82
71
15
47
104
38
126
128
37
51
51
126
12
110
64
48
108
92
44
8
28
60
84
118
14
86
16
97
98
90
117
37
66
54
46
113
82
108
34
79
120
35
114
53
31
113
40
20
107
83
69
106
97
14
56
14
59
110
110
29
58
109
56
44
84
43
33
100
95
104
34
84
58
45
51
30
22
39
123
20
20
101
110
64
70
24
42
51
51
121
91
38
35
48
119
52
118
56
66
80
87
24
76
14
14
71
44
55
74
56
64
78
55
24
52
36
40
16
40
62
114
22
36
106
67
68
39
62
62
54
61
50
39
28
48
63
114
96
62
94
58
51
74
30
69
54
47
55
33
50
59
58
128
79
49
49
52
28
30
120
30
62
58
40
108
45
48
54
110
57
58
64
65
38
41
95
59
62
128
65
65
39
122
30
93
47
119
90
118
78
84
46
126
26
64
6
111
45
41
92
98
64
116
80
128
30
70
29
38
66
97
94
14
2
60
33
32
107
12
2
93
15
28
56
84
87
90
12
82
46
8
16
90
90
41
64
37
99
98
58
62
62
25
118
41
40
39
89
42
28
69
27
78
77
47
80
99
94
55
36
54
45
9
104
41
49
57
32
46
15
104
36
81
33
66
46
48
24
34
62
27
32
32
89
47
45
20
40
74
63
29
81
23
64
50
22
92
52
52
44
78
31
50
64
33
25
99
56
42
39
78
76
12
63
32
29
31
92
38
16
34
39
45
25
42
69
51
87
38
38
7
60
64
32
43
71
26
15
42
23
20
40
38
25
69
54
78
24
12
78
50
15
15
73
13
32
22
72
25
17
35
18
36
46
34
26
26
37
55
14
45
54
62
38
60
60
66
19
38
39
10
10
62
32
12
39
33
28
32
38
54
22
22
33
33
24
25
26
26
39
16
49
34
44
44
48
50
64
32
61
5
57
26
54
31
62
4
23
56
4
61
8
18
10
43
41
24
57
43
40
14
32
49
20
20
59
5
5
56
44
10
23
31
16
30
23
20
20
27
16
38
28
25
40
10
44
47
19
30
51
36
34
6
52
17
16
39
33
24
48
19
11
24
43
30
18
24
20
37
30
24
31
39
15
12
18
10
10
24
14
16
44
10
42
41
13
17
33
8
30
8
10
14
8
29
10
2
19
29
16
4
17
7
1
3
14
12
2
10
20
13
32
25
31
14
14
25
32
34
23
40
17
37
9
36
8
24
36
3
6
13
18
36
14
28
16
8
18
14
15
20
8
28
20
26
16
16
24
21
34
17
21
32
33
20
4
6
10
6
26
2
16
13
14
12
20
6
10
6
24
25
20
16
25
8
4
26
10
6
3
3
2
27
2
2
13
1
28
24
14
14
6
10
14
14
22
13
4
22
28
5
10
10
12
26
16
8
10
17
9
6
9
16
22
17
22
20
25
24
6
15
12
23
6
5
25
16
18
21
6
14
22
12
20
1
13
20
23
16
8
24
17
21
12
9
7
20
9
12
19
12
4
8
2
10
4
7
14
21
6
8
19
21
5
21
6
3
8
13
12
4
2
14
12
18
9
16
16
18
7
12
14
8
16
18
3
6
11
5
8
18
3
14
8
18
8
2
6
13
18
7
13
5
6
7
10
10
6
6
14
12
8
10
16
14
7
12
8
6
5
10
3
10
10
7
16
4
4
9
14
16
16
4
4
5
14
12
12
10
6
11
12
6
11
4
3
11
10
4
4
6
4
2
4
4
4
2
7
6
2
2
6
5
2
1
5
2
2
5
1
2
2
1
2
1
2
1
1
2