1650257
877840
2528667
797498
975696
2304682
1015725
847876
1772753
1068311
196172
1892610
651727
1009355
1779031
1425491
1395330
763528
638009
1508183
719292
950914
1087674
1093999
1359466
1647653
271195
1847510
240777
885995
1433189
2171813
1378420
975499
1781908
1837608
1280849
513571
220705
364063
1307244
920367
101710
622939
1406978
842531
1447829
1841108
1230209
1546482
1180564
1226061
916010
1125990
289899
147330
1459069
610853
1459100
1453616
1183023
640195
1138924
497014
1909378
1111414
944003
312772
1250482
1696350
1035487
380931
1298674
493273
623420
887559
1922281
1108371
1067920
1154072
300333
1039436
1069351
621773
1066461
2239306
484376
914177
1168049
1565219
209988
245887
106460
863144
637919
965995
1590771
819627
2047258
329887
1704678
1678908
678733
597932
2818664
1969471
2291626
2026110
1600700
1028278
1771879
1200434
1403155
1346928
450482
83365
1509736
1101932
1410471
194240
687402
560265
1985843
970380
633998
1187636
394634
1109635
323085
2280875
720916
533143
1292070
1410732
2192307
2595504
1777181
778195
972683
2162760
1738787
2179402
595661
2495574
191056
2915205
768589
591476
469881
402243
1637487
1178055
1124108
2246120
1006316
1096431
1054934
979633
510191
2573929
1811458
1577447
794930
2598072
792975
693157
227682
1449226
1248042
1095737
1605506
1570746
758783
155871
386318
849182
971727
1399881
1332476
2067887
1110645
1896788
1805361
2356528
597684
1210687
1596251
2002071
718457
2793190
598629
1586587
1432197
574387
749641
289394
1788201
1716709
1589393
2073918
1654089
224052
1064637
283020
1394699
1498040
2434237
2295781
443260
788403
1585563
649304
297524
1061697
429990
885403
1774535
2218516
1102130
643503
826159
1411001
349285
1720475
503102
492399
2763356
1167462
457752
518432
888590
898790
3098389
524669
724949
1398150
2579721
1100123
1410843
1697270
2638859
454274
1589198
522594
280750
219966
1389374
568283
1397416
1375655
1252051
1468285
1224614
677902
591948
1120829
445272
835601
357049
791019
352456
2208418
712772
1449762
947440
745383
1203382
987350
761906
462401
1272090
2850142
1739330
1256366
1423102
1352278
845344
916598
1479000
578739
1319967
1136891
1004405
1094252
1632793
1631808
2248509
947996
837416
883544
624261
1522795
553218
2421290
1271210
760782
801152
930787
807043
1134911
1147106
3515480
1437953
1025590
515908
1250744
859119
2400905
1084286
1099168
1223617
1624162
400478
2002368
1285808
3257765
1481495
3053685
1229057
2223661
1016145
2301609
352033
1210264
98590
2749417
1120031
834526
2124669
1973023
1522683
1575272
1145082
4099284
323485
2144466
475784
660314
1720480
2139379
2755895
331849
37990
776081
559759
833823
2763936
283167
33727
2077606
283930
607455
1777092
770236
1428287
1409083
2690902
687816
1001283
925508
2101830
2508628
879002
557462
1222609
493359
2069172
1167383
732699
1609134
1185684
655175
2493347
847090
1365566
1248317
710250
1036317
424337
2373383
1000411
451787
853061
592098
575727
2531481
1209667
952366
602852
1653291
1076085
1928445
488258
1101004
1248849
2324703
1208722
843744
1395274
645610
835936
867781
1207349
446173
2068872
1015166
1159685
232010
793734
599476
743577
1339873
777532
352934
715203
1140697
1155074
1187226
2212111
275274
1304354
1691224
623781
931102
130333
1444985
1577985
903997
1889121
636512
516790
1164503
662908
1122622
2350073
1382276
2532499
1080670
1922478
323433
1269553
1607197
371855
1901773
272340
704391
429288
369406
455284
838056
549061
483876
763605
951195
724639
730704
376372
1048393
215478
1380864
469535
1055608
2047835
1243003
1753003
755683
920077
232540
1326769
1146030
157717
968130
978912
655785
1327945
1585140
324776
673949
693199
565344
510541
685576
713783
832521
997856
1115464
1038774
1250566
1770805
105085
563955
1461766
1098092
106243
1347228
59178
1321848
170237
442453
265469
956284
1114390
1257929
1294714
1197082
1237760
412390
843809
1345327
617801
363398
105414
130059
1061584
622064
456959
377020
404832
1410242
1119933
603952
942022
2134907
596866
1039442
311512
510152
871657
1255731
941361
918830
360160
1147369
286359
793557
479605
798792
466836
1085653
820648
238460
830009
1681165
525501
314744
239905
639119
270815
279017
852490
435369
1457177
726334
613222
1292896
1645364
415244
931248
457860
423954
854387
269647
836041
308631
233269
473387
234658
313843
83051
547124
903985
615273
119908
35711
123946
524274
376148
92583
329265
608999
361406
907877
225543
451485
799231
1133934
1024897
726999
583862
730504
1740528
486911
405856
1349565
1139014
256327
604301
1006577
114556
291388
633263
593004
1149881
492488
820304
430916
717763
767777
975906
643383
553015
204263
697617
1164103
673634
814362
903149
375082
1277172
795635
462619
152931
278481
401561
275841
1064823
81856
661577
329443
627320
518431
1101208
330418
384092
267358
725290
959974
908212
786213
922224
287345
144521
777111
432796
253373
143358
570748
962704
254916
593724
626317
493369
608367
181908
334862
518353
400607
999860
546442
562168
948135
314403
432174
729113
988174
1020375
974085
985513
1138177
856946
206287
705072
764457
1024825
229422
210639
1073577
799905
949026
282222
479725
1223391
603241
828675
38011
282015
720784
1123764
476468
202893
415106
403749
1416219
1080016
451133
666720
927775
879586
242530
379132
93451
666063
204675
320853
790328
265643
477892
1232357
1326664
515029
252965
548762
589045
651321
174443
134853
859401
637459
1071566
464215
426359
636282
1065390
779742
1137721
636995
985815
871011
205822
252860
552379
371871
500749
777438
553766
413818
592241
453969
75559
387177
718592
1043103
632281
565226
615114
434110
404926
706538
719022
966148
808647
345828
449314
458392
396983
436059
293852
646507
173593
408586
557738
460957
775192
272990
451618
314295
713815
907529
807811
605805
915086
763114
207400
867978
479906
941585
765505
326880
353632
162276
342777
386752
257640
967863
243053
283919
864653
612256
378652
202157
882957
159644
552180
434662
168735
393137
185837
814414
356011
429621
