95
104
125
119
108
89
102
103
110
97
99
88
95
113
103
99
97
88
98
111
83
97
100
107
103
100
104
74
99
99
103
93
111
91
89
104
110
107
111
90
106
111
112
98
104
82
112
101
105
89
106
103
111
102
104
88
106
89
111
92
90
97
114
97
94
100
95
112
96
93
104
101
103
91
89
105
114
89
81
87
98
107
103
77
97
107
95
98
102
123
88
99
95
101
90
98
115
95
83
100
90
96
99
97
93
91
93
122
107
109
106
117
95
110
115
105
113
100
105
105
94
108
95
104
101
106
97
87
109
110
109
89
89
103
94
78
90
113
110
109
110
125
109
89
105
113
90
82
96
80
114
92
104
93
108
102
114
95
100
78
107
97
97
124
87
117
99
120
103
100
127
104
79
110
92
78
112
117
109
91
99
104
96
96
97
93
100
112
113
92
134
89
100
89
115
108
101
105
116
95
120
106
119
90
98
93
95
95
93
110
93
101
84
102
87
104
126
96
110
112
95
90
104
98
106
87
103
103
99
88
103
106
100
95
111
104
97
94
104
96
112
93
91
111
105
102
100
110
100
92
95
111
116
92
91
87
110
100
109
104
103
89
117
96
116
122
101
91
127
96
111
100
105
93
114
102
96
98
114
91
96
108
102
101
109
91
101
91
97
103
121
109
105
98
102
84
97
103
113
98
98
105
113
86
98
114
89
97
96
107
98
98
94
125
99
97
96
86
101
101
114
95
108
97
105
100
103
95
95
97
75
87
87
95
71
94
84
90
87
95
116
93
104
102
119
93
98
106
111
109
105
82
113
100
107
79
101
102
85
113
86
104
101
110
103
106
99
106
111
98
95
90
133
125
95
89
108
104
108
96
117
100
109
82
106
121
108
95
102
100
84
110
95
101
101
105
77
112
89
100
92
103
88
76
102
107
90
110
108
104
99
107
81
95
91
100
83
115
101
95
106
104
97
89
109
94
93
91
104
91
95
105
96
105
106
99
110
92
102
113
89
117
110
116
106
110
110
100
107
90
98
105
95
90
96
103
86
102
101
103
105
101
107
107
111
97
86
97
113
109
85
89
92
97
102
98
98
107
90
113
110
114
82
115
89
87
99
100
87
93
101
107
103
94
111
102
106
98
95
96
97
94
97
122
109
96
86
105
111
87
80
98
101
104
92
101
100
97
104
97
113
103
101
95
97
98
97
103
105
104
93
85
98
107
93
83
90
116
114
106
93
101
118
113
93
100
123
92
86
106
103
100
102
107
100
90
96
112
108
109
112
92
91
109
97
99
96
113
77
109
91
91
94
89
97
97
106
80
89
104
89
97
81
105
97
87
95
99
107
91
108
97
103
100
93
104
98
85
116
92
83
83
93
87
104
100
103
96
108
120
97
102
88
115
101
98
97
93
103
108
95
104
93
108
97
113
118
111
85
100
103
117
106
106
105
110
77
94
102
101
84
90
90
99
98
100
102
97
116
114
89
89
99
100
102
110
99
86
105
93
100
101
94
101
122
92
90
106
102
119
86
86
88
104
101
89
111
94
102
86
108
103
111
111
89
85
96
96
76
107
101
108
96
92
93
93
101
111
109
93
109
103
110
105
106
88
84
91
106
115
91
102
102
107
100
89
85
90
98
97
112
89
86
101
92
109
87
94
99
98
101
94
101
96
120
96
104
97
108
116
102
96
89
97
100
97
99
98
95
87
99
83
95
107
103
106
92
105
94
90
82
98
90
105
109
92
116
95
97
108
90
103
113
116
104
93
83
98
95
103
121
107
104
93
121
104
120
104
110
94
88
98
100
98
111
118
100
118
86
85
107
91
91
97
103
93
86
95
124
109
117
99
100
133
105
104
84
113
110
105
101
120
104
83
98
100
129
100
90
96
105
109
106
84
116
108
112
110
81
93
106
96
82
104
107
95
93
96
84
92
91
89
96
111
85
96
99
83
95
101
95
114
103
103
78
111
101
94
102
98
114
124
100
72
94
95
106
105
104
93
90
92
87
108
100
109
87
103
106
87
107
111
120
88
91
101
89
102
107
103
87
101
114
86
98
124
112
116
110
106
99
106
84
92
92
105
98
94
86
99
97
90
73
99
80
95
96
94
99
95
103
103
107
94
112
105
108
102
89
90
107
92
111
117
83
102
95
94
107
99
92
90
97
94
108
96
114
90
107
110
94
97
103
90
77
100
104
87
86
99
108
104
82
99
99
91
100
102
102
105
100
83
89
101
90
89
99
103
90
105
115
108
106
113
99
102
104
99
124
88
