94
103
117
117
87
103
99
105
99
111
95
105
106
108
115
102
109
85
112
90
94
107
97
110
105
101
113
101
94
86
68
118
112
89
99
108
111
84
110
91
103
82
90
107
112
100
93
99
117
103
113
114
82
105
105
110
104
110
93
92
110
96
116
101
89
90
108
97
112
96
123
105
91
106
91
99
109
81
97
110
87
94
97
93
99
88
107
111
106
114
87
108
81
123
93
115
97
101
103
82
87
105
118
109
115
117
93
111
96
113
105
121
92
97
108
96
107
102
105
97
110
92
105
121
96
104
112
95
90
130
104
89
106
103
118
94
83
104
107
99
112
105
113
102
103
106
104
101
105
96
95
108
112
90
100
101
95
98
98
92
93
105
93
92
98
94
99
96
88
106
102
89
98
109
102
84
103
120
105
104
97
120
97
105
85
97
102
92
95
94
106
102
112
93
98
105
97
100
103
108
97
105
100
102
115
96
103
84
87
106
100
107
106
106
96
95
111
93
96
93
87
92
98
99
95
107
100
96
97
107
95
102
118
105
84
107
105
119
96
105
97
103
104
105
113
90
107
85
84
101
111
110
101
100
90
92
97
113
101
106
98
113
104
100
84
99
96
98
100
123
91
113
103
94
98
101
91
98
88
101
91
101
99
107
110
102
106
101
112
102
103
108
83
93
118
74
99
108
99
89
106
108
113
97
92
106
98
99
100
102
103
102
90
100
124
104
89
90
110
106
105
95
111
92
98
102
84
89
109
90
105
86
93
117
88
85
95
84
95
108
124
102
112
95
100
93
105
92
111
109
79
94
98
84
113
93
90
85
100
99
92
108
120
102
94
104
94
101
114
95
89
99
114
108
95
98
104
85
111
114
103
103
114
103
82
97
106
92
112
93
94
101
103
95
113
112
89
86
95
102
114
111
114
86
98
100
109
104
122
97
94
102
91
108
96
108
88
114
123
82
114
86
103
101
93
104
84
90
87
102
88
101
120
103
107
120
102
95
110
92
86
108
87
101
92
114
92
85
95
103
110
92
97
91
96
84
108
97
81
93
87
100
89
99
86
98
95
85
90
103
92
99
102
100
101
115
79
97
95
84
90
94
102
116
114
95
95
101
104
106
103
105
94
100
101
92
97
100
92
87
99
104
107
98
110
96
119
105
113
106
86
104
98
109
119
85
90
102
97
98
98
95
116
109
102
84
104
106
107
97
106
78
90
105
104
99
111
107
95
100
105
107
117
112
84
100
105
90
79
84
106
81
102
95
97
97
107
91
97
116
81
104
81
105
98
98
105
101
106
90
87
98
83
106
96
110
105
104
93
94
97
107
84
111
102
88
108
131
100
104
111
88
91
115
104
83
89
64
101
98
95
98
97
95
119
94
108
100
116
103
111
106
83
101
102
91
110
96
90
108
98
101
85
116
107
115
90
108
83
105
117
109
118
88
96
95
88
104
111
95
107
113
82
111
98
93
108
102
95
107
94
77
116
100
94
100
90
101
101
79
126
124
91
106
108
103
94
97
92
107
80
103
128
99
99
84
104
107
106
124
88
100
89
101
99
95
102
98
117
108
88
86
85
96
90
98
94
104
92
107
97
109
88
98
90
80
107
89
126
110
100
114
103
94
94
108
99
101
93
106
91
89
90
99
96
106
106
123
101
85
112
105
88
93
97
86
89
95
99
110
94
94
88
96
86
108
120
100
100
93
94
124
100
108
109
111
93
93
93
99
90
90
97
99
108
108
100
106
80
101
89
94
98
93
90
95
85
108
92
86
108
84
96
102
117
94
119
94
99
91
101
97
92
110
83
102
94
104
97
98
